service_id,monday,tuesday,wednesday,thursday,friday,saturday,sunday,start_date,end_date
100579,0,1,0,0,0,0,0,20180416,20180921
101544,0,1,0,1,0,0,0,20180416,20180921
102375,0,1,0,0,0,0,0,20180416,20180921
103237,0,1,0,1,0,0,0,20180413,20180921
104483,0,1,0,1,1,0,0,20180416,20180921
104560,0,1,0,1,1,0,0,20180413,20180921
11585,0,0,0,0,0,0,1,20180415,20180610
14016,0,0,0,0,0,0,0,20180415,20180903
14599,0,0,0,0,0,1,0,20180616,20180915
16736,0,0,0,0,0,0,1,20180617,20180916
17576,0,0,0,0,1,0,0,20180427,20180615
23110,0,0,0,0,0,1,0,20180414,20180915
2431,0,0,0,0,0,0,0,20180812,20180903
28321,0,0,0,0,0,0,1,20180415,20180916
30857,0,0,0,0,0,0,0,20180413,20180921
34907,0,1,1,1,1,0,0,20180417,20180608
35200,0,1,1,1,1,0,0,20180413,20180608
36248,0,1,1,1,1,0,0,20180423,20180615
36661,0,0,0,0,0,0,0,20180618,20180920
40642,0,1,1,1,1,0,0,20180413,20180615
63918,0,1,0,1,1,0,0,20180618,20180921
68312,0,0,0,0,0,0,0,20180413,20180921
8511,0,0,0,0,0,1,0,20180414,20180609
9110,0,0,1,0,0,0,0,20180418,20180613
92434,0,1,0,1,0,0,0,20180416,20180921
94127,0,1,0,1,0,0,0,20180413,20180921
94837,0,1,0,1,0,0,0,20180416,20180921
95373,0,1,0,1,1,0,0,20180416,20180921
9723,0,0,0,0,1,0,0,20180413,20180615
98825,0,0,0,0,0,0,0,20180417,20180921
1,1,1,1,1,1,0,0,20180302,20230302
2,0,0,0,0,0,1,0,20180302,20230302
3,0,0,0,0,0,0,1,20180302,20230302
KPOB-CS:211:6:Sunday:1:18MAR:1234567,0,0,0,0,0,0,0,20180423,20180922
KPOB-CS:221:0:Weekday:1:18MAR:12345,0,0,0,0,0,0,0,20180423,20180922
KPOB-CS:271:5:Saturday:1:18MAR:6,0,0,0,0,0,0,0,20180423,20180922
MCOB-DO:111:6:Sunday:1:18MAR:1234567,0,0,0,0,0,0,0,20180423,20180922
MCOB-DO:121:0:Weekday:1:18MAR:12345,0,0,0,0,0,0,0,20180423,20180922
MCOB-DO:171:5:Saturday:1:18MAR:6,0,0,0,0,0,0,0,20180423,20180922
Default-1,0,0,0,0,0,1,0,20180307,20180922
Default-62,1,1,1,1,1,0,0,20180307,20180922
Default-64,0,0,0,0,0,0,1,20180307,20180922
SA,0,0,0,0,0,1,0,20180311,20180922
SP_SNDR_FC_1,0,0,0,0,0,0,0,20180311,20180922
SP_SNDR_M,0,0,0,0,0,0,0,20180311,20180922
SU,0,0,0,0,0,0,1,20180311,20180922
WD_SNDR,1,1,1,1,1,0,0,20180311,20180922
WD_TL,1,1,1,1,1,0,0,20180311,20180922
20180329,0,0,0,1,0,0,0,20180329,20180329
20180330,0,0,0,0,1,0,0,20180330,20180330
20180331,0,0,0,0,0,1,0,20180331,20180331
20180401,0,0,0,0,0,0,1,20180401,20180401
20180402,1,0,0,0,0,0,0,20180402,20180402
20180403,0,1,0,0,0,0,0,20180403,20180403
20180404,0,0,1,0,0,0,0,20180404,20180404
20180405,0,0,0,1,0,0,0,20180405,20180405
20180406,0,0,0,0,1,0,0,20180406,20180406
20180407,0,0,0,0,0,1,0,20180407,20180407
20180408,0,0,0,0,0,0,1,20180408,20180408
20180409,1,0,0,0,0,0,0,20180409,20180409
20180410,0,1,0,0,0,0,0,20180410,20180410
20180411,0,0,1,0,0,0,0,20180411,20180411
20180412,0,0,0,1,0,0,0,20180412,20180412
20180413,0,0,0,0,1,0,0,20180413,20180413
20180414,0,0,0,0,0,1,0,20180414,20180414
20180415,0,0,0,0,0,0,1,20180415,20180415
20180416,1,0,0,0,0,0,0,20180416,20180416
20180417,0,1,0,0,0,0,0,20180417,20180417
20180418,0,0,1,0,0,0,0,20180418,20180418
20180419,0,0,0,1,0,0,0,20180419,20180419
20180420,0,0,0,0,1,0,0,20180420,20180420
20180421,0,0,0,0,0,1,0,20180421,20180421
20180422,0,0,0,0,0,0,1,20180422,20180422
20180423,1,0,0,0,0,0,0,20180423,20180423
20180424,0,1,0,0,0,0,0,20180424,20180424
20180425,0,0,1,0,0,0,0,20180425,20180425
20180426,0,0,0,1,0,0,0,20180426,20180426
20180427,0,0,0,0,1,0,0,20180427,20180427
20180428,0,0,0,0,0,1,0,20180428,20180428
20180429,0,0,0,0,0,0,1,20180429,20180429
20180430,1,0,0,0,0,0,0,20180430,20180430
20180501,0,1,0,0,0,0,0,20180501,20180501
20180502,0,0,1,0,0,0,0,20180502,20180502
20180503,0,0,0,1,0,0,0,20180503,20180503
20180504,0,0,0,0,1,0,0,20180504,20180504
20180505,0,0,0,0,0,1,0,20180505,20180505
20180506,0,0,0,0,0,0,1,20180506,20180506
20180507,1,0,0,0,0,0,0,20180507,20180507
20180508,0,1,0,0,0,0,0,20180508,20180508
20180509,0,0,1,0,0,0,0,20180509,20180509
20180510,0,0,0,1,0,0,0,20180510,20180510
20180511,0,0,0,0,1,0,0,20180511,20180511
20180512,0,0,0,0,0,1,0,20180512,20180512
20180513,0,0,0,0,0,0,1,20180513,20180513
20180514,1,0,0,0,0,0,0,20180514,20180514
20180515,0,1,0,0,0,0,0,20180515,20180515
20180516,0,0,1,0,0,0,0,20180516,20180516
20180517,0,0,0,1,0,0,0,20180517,20180517
20180518,0,0,0,0,1,0,0,20180518,20180518
20180519,0,0,0,0,0,1,0,20180519,20180519
20180520,0,0,0,0,0,0,1,20180520,20180520
20180521,1,0,0,0,0,0,0,20180521,20180521
20180522,0,1,0,0,0,0,0,20180522,20180522
20180523,0,0,1,0,0,0,0,20180523,20180523
20180524,0,0,0,1,0,0,0,20180524,20180524
20180525,0,0,0,0,1,0,0,20180525,20180525
20180526,0,0,0,0,0,1,0,20180526,20180526
20180527,0,0,0,0,0,0,1,20180527,20180527
20180528,1,0,0,0,0,0,0,20180528,20180528
20180529,0,1,0,0,0,0,0,20180529,20180529
20180530,0,0,1,0,0,0,0,20180530,20180530
20180531,0,0,0,1,0,0,0,20180531,20180531
20180601,0,0,0,0,1,0,0,20180601,20180601
20180602,0,0,0,0,0,1,0,20180602,20180602
20180603,0,0,0,0,0,0,1,20180603,20180603
20180604,1,0,0,0,0,0,0,20180604,20180604
20180605,0,1,0,0,0,0,0,20180605,20180605
20180606,0,0,1,0,0,0,0,20180606,20180606
20180607,0,0,0,1,0,0,0,20180607,20180607
20180608,0,0,0,0,1,0,0,20180608,20180608
20180609,0,0,0,0,0,1,0,20180609,20180609
20180610,0,0,0,0,0,0,1,20180610,20180610
20180611,1,0,0,0,0,0,0,20180611,20180611
20180612,0,1,0,0,0,0,0,20180612,20180612
20180613,0,0,1,0,0,0,0,20180613,20180613
20180614,0,0,0,1,0,0,0,20180614,20180614
20180615,0,0,0,0,1,0,0,20180615,20180615
20180616,0,0,0,0,0,1,0,20180616,20180616
20180617,0,0,0,0,0,0,1,20180617,20180617
20180618,1,0,0,0,0,0,0,20180618,20180618
20180619,0,1,0,0,0,0,0,20180619,20180619
20180620,0,0,1,0,0,0,0,20180620,20180620
20180621,0,0,0,1,0,0,0,20180621,20180621
20180622,0,0,0,0,1,0,0,20180622,20180622
20180623,0,0,0,0,0,1,0,20180623,20180623
weekday_summer,1,1,1,1,1,0,0,20170501,20171231
weekday_winter,1,1,1,1,0,0,1,20180101,20180430
weekend_summer,0,0,0,0,0,1,1,20170501,20171231
weekend_winter,0,0,0,0,0,1,1,20180101,20180430
97-1,1,1,1,1,1,0,0,20180318,20180915
97-2,0,0,0,0,0,1,0,20180318,20180915
97-3,0,0,0,0,0,0,1,20180318,20180915
SCH-1805-SCH-Weekday-60,1,1,1,1,1,0,0,20180507,20181228
10,1,1,1,1,0,0,1,20160425,20171001
11,0,0,0,0,1,1,0,20160425,20171001
12,0,0,0,0,0,1,1,20160425,20171001
13,1,1,1,1,1,0,0,20160425,20160828
14,1,1,1,1,1,0,0,20160829,20170514
15,1,1,1,1,1,0,0,20170515,20171001
16,1,1,1,1,1,0,0,20171001,20171001
17,1,1,1,1,1,0,0,20171001,20181231
18,0,0,0,0,0,1,1,20171001,20181231
19,0,0,0,0,1,1,0,20171001,20181231
20,1,1,1,1,0,0,1,20171001,20181231
4,0,0,0,0,0,1,1,20151109,20160115
5,1,1,1,1,1,0,0,20151216,20160424
6,0,0,0,0,0,1,1,20160116,20160327
7,1,1,1,1,1,0,0,20160328,20160424
8,0,0,0,0,0,1,1,20160328,20160424
9,1,1,1,1,1,0,0,20160425,20171001
99-1,1,1,1,1,1,0,0,20150831,20151108
99-2,0,0,0,0,0,1,1,20150831,20151108
99-3,1,1,1,1,1,0,0,20151109,20160327
